bicycle:150.605987549 176.090698242 128.921966553 69.5659179688
car:0.229288101196 243.473052979 43.6147689819 75.8583374023
person:195.825927734 85.3322601318 55.1889648438 155.538208008
