person:218.062515259 76.584274292 93.2956390381 230.878738403 162.147415161 146.036376953 64.2464904785 95.6860351562
tvmonitor:361.063598633 47.6978302002 67.7259521484 63.5618591309
