car:55.7201843262 12.0133972168 390.117919922 293.026275635
chair:441.227416992 168.662338257 42.1007080078 55.9486999512
