bus:29.1262817383 154.791641235 343.858337402 72.4952697754
car:186.26902771 184.004943848 312.730957031 135.406829834
person:352.880584717 2.4710559845 36.4913330078 61.4005889893
