car:132.522674561 244.845397949 62.0894165039 42.2470092773 83.4053497314 249.046264648 44.0834503174 24.8402709961
person:293.641723633 238.28225708 24.2623291016 54.9252319336
pottedplant:248.365570068 238.438201904 43.3275146484 46.7302856445 341.518218994 220.452697754 49.8459472656 95.8039550781
