horse:85.6872711182 96.5404510498 269.416992188 182.439834595
person:178.661407471 48.8392791748 76.5221557617 183.076843262
