chair:283.229217529 160.947479248 58.7443847656 113.516601562 344.689453125 151.409332275 44.9859619141 82.1103210449 227.291687012 186.242111206 60.6878662109 112.904220581 137.284011841 161.268203735 56.3163452148 118.591110229
diningtable:177.71005249 170.329772949 154.921508789 136.922454834
tvmonitor:174.233413696 67.599899292 81.1934509277 88.79637146
