boat:4.34652709961 67.248046875 443.953857422 120.582443237
person:298.031555176 150.220031738 97.0504760742 223.779968262
