person:111.571235657 202.768661499 204.09161377 296.231323242 72.9987258911 279.848907471 35.4332580566 72.6356811523 345.711730957 238.301849365 28.288269043 159.532836914 114.670547485 279.79864502 42.8993530273 96.0979003906
tvmonitor:190.681884766 133.134307861 83.6367797852 70.2586975098 2.60271453857 220.085357666 49.5352516174 77.0698852539 89.053352356 158.84463501 46.447593689 45.6547546387
