horse:107.102539062 128.488693237 228.225189209 281.572265625
person:137.743621826 71.5873794556 125.138397217 249.137634277
