dog:10.7202262878 74.6784210205 57.1372718811 88.4280395508 59.3434066772 114.326965332 239.405303955 259.673034668 109.460662842 116.462341309 113.321746826 100.691070557
person:311.564544678 5.21559143066 182.158203125 357.258666992 213.373245239 0.0 130.771102905 272.309020996 339.947265625 8.86761474609 32.1669921875 92.1123657227 112.392730713 4.84799957275 111.448181152 194.332794189
