aeroplane:134.663162231 89.1403884888 64.85546875 33.397277832 115.248329163 74.6134796143 236.284210205 103.37638855
car:12.6883544922 124.678794861 34.4956970215 21.9526901245
person:26.9951152802 188.948486328 22.1177158356 43.7528381348 193.961746216 176.891525269 19.4456176758 55.7630615234
