bird:47.8174972534 111.745285034 236.361572266 340.421386719
person:6.06564331055 22.0100250244 291.456848145 450.220825195
