chair:209.308044434 197.431518555 156.352966309 168.927246094 134.759918213 212.564193726 133.011810303 161.435806274 174.955780029 50.8646774292 104.957550049 89.6357498169
tvmonitor:47.7113456726 71.2244796753 76.0238342285 113.561897278
