car:110.203948975 35.5731658936 322.679504395 262.504211426
person:136.176605225 17.188533783 51.8915405273 88.6537780762 379.58895874 5.76219940186 48.9661254883 125.199104309 0.0 27.8965377808 67.4246902466 216.199676514 51.0722198486 50.5508918762 38.956817627 121.856414795 436.876525879 29.996711731 25.9177246094 67.1794052124 460.274536133 11.5116653442 33.830871582 158.178985596 360.178283691 11.7898368835 36.3906860352 65.5355682373
