bicycle:39.7028121948 201.508132935 142.953948975 92.3163909912
person:50.1133575439 152.158416748 99.5558013916 136.789703369 299.276702881 133.177642822 144.428955078 155.298156738
