motorbike:17.0890655518 144.681335449 346.458679199 229.318664551
person:326.462341309 0.0 111.342773438 374.0 196.087982178 71.0547790527 110.246520996 262.783416748 274.44821167 51.6770782471 78.2311401367 273.523681641
pottedplant:33.23412323 0.0 202.279449463 165.621932983
