bottle:5.04147434235 165.057312012 26.6644935608 72.0938720703
person:13.4355239868 12.8382263184 177.58013916 281.396057129 165.544708252 203.702713013 307.213256836 169.297286987
tvmonitor:360.177520752 1.19521331787 138.822479248 87.3475189209
