motorbike:30.0636749268 58.4260559082 297.705322266 419.595214844
person:147.316757202 2.51485824585 50.2778320312 96.7654418945
