horse:50.022026062 183.123580933 238.841156006 148.361099243
person:155.920654297 137.750228882 77.8835754395 153.561416626 282.47454834 208.183197021 41.2375488281 116.648742676 261.959533691 200.571289062 37.8690185547 126.122741699
pottedplant:429.083770752 170.581130981 38.4715576172 71.5495300293
