chair:119.16973877 14.5894165039 372.200683594 284.123413086
dog:164.889419556 124.49987793 193.618515015 130.364868164
