chair:63.7835083008 0.0 348.061584473 369.677612305
dog:109.710296631 111.226028442 269.3203125 163.160995483
