bicycle:10.2040557861 223.993606567 198.781158447 275.006408691 132.339477539 206.674057007 191.626281738 292.325927734
person:0.0 12.9388580322 250.502868652 452.374084473 227.294723511 12.2183227539 105.705276489 463.290130615 0.0 10.4948577881 67.3574371338 260.980102539
