chair:173.744598389 264.24041748 85.7283935547 105.478088379 255.065917969 204.882476807 59.8672485352 131.981872559 0.0 213.8046875 63.2185211182 160.1953125
person:457.887878418 196.912841797 38.7894897461 173.497253418
