bottle:294.340667725 165.966674805 23.0453491211 68.6606750488 398.935119629 178.94744873 28.6041870117 67.1991882324 357.186035156 192.049880981 28.2861328125 73.1297454834 270.298706055 174.779922485 23.5570678711 60.1023254395
diningtable:103.515380859 202.949172974 379.947509766 171.050827026
person:282.136291504 60.5999984741 127.518432617 173.078735352 184.724853516 70.4439086914 75.9128112793 122.920288086 67.8368530273 91.9306030273 166.485687256 278.217529297 0.0 67.4680252075 94.1959762573 233.696746826 116.320205688 94.1444015503 68.8130493164 79.6050491333
