boat:258.967163086 147.738723755 115.032836914 200.264389038
person:28.1584777832 138.263381958 115.959457397 357.566162109
pottedplant:112.698936462 114.324707031 237.557678223 338.503234863 4.7017993927 253.574401855 36.8011550903 145.444824219 285.22479248 305.627807617 86.4251098633 74.378112793
