car:0.0 108.94670105 440.414794922 224.05329895 81.6040802002 9.71081924438 399.254516602 106.141967773
person:174.118255615 65.5729827881 44.5182495117 43.9060821533
