horse:152.20904541 60.9212799072 240.288391113 272.078735352
pottedplant:37.9094848633 180.779754639 124.385528564 132.477386475
