cat:24.9699554443 67.5277938843 309.56072998 192.672424316
chair:432.647949219 107.222564697 64.6133422852 108.428436279
