person:36.6980895996 162.361938477 153.754776001 153.698577881 353.295013428 146.970535278 99.4788818359 136.158676147 240.383209229 299.05178833 94.7176513672 32.9482116699 216.346832275 213.21206665 122.237304688 118.237670898 21.9927043915 166.649810791 53.905128479 64.8309326172
sofa:220.116165161 154.356414795 264.001037598 120.847167969
