person:207.591781616 139.517044067 49.3773345947 95.8698120117
sofa:3.46125793457 188.649337769 198.518173218 173.534927368 62.2496032715 163.65246582 192.921508789 116.516021729
tvmonitor:64.2542572021 88.8318786621 116.947509766 70.2425079346 10.131696701 134.110015869 45.3300933838 42.32421875
