cat:101.376205444 101.168411255 208.3697052 115.892883301
chair:16.388961792 0.0 364.507324219 331.580871582
