horse:97.389831543 78.1609573364 318.307067871 255.961791992
person:172.183410645 57.5807342529 121.738952637 140.274887085 372.638458252 250.614059448 36.9519042969 78.7069549561
