cat:261.817047119 96.7333526611 237.182952881 277.266662598
dog:7.59587097168 26.436340332 311.250671387 324.541473389
