car:0.0 104.041732788 142.411224365 90.069152832
dog:134.68927002 197.69909668 67.7381286621 154.168579102
horse:222.149200439 57.5911865234 188.716430664 298.79800415
person:259.571105957 8.92908477783 89.8881225586 222.202972412 426.960998535 122.467590332 25.4418945312 52.5584716797
