motorbike:138.763549805 105.747200012 197.890411377 145.575836182
person:172.019683838 46.1718444824 154.630645752 187.755737305
